      3
      0      0      0    640      0      0      5
      0    333      0      0      0      0      3
      0    333    640    640      0      0      3
      2
      0   1467      0      0      0      0      2
      0   1467    640    640      0      0      3
      2
      0    487      0      0      0      0      2
      0    487    640    640      0      0      3
      3
    633    633      0    640      0      0      6
      0    633      0      0      0      0      2
      0    633    640    640      0      0      3
